timestamp: 1761905177
best_lightgbm_params:
  learning_rate: 0.0808455068440047
  max_depth: 8.577315733765221
  num_leaves: 88.82590390063402
  min_child_samples: 38.54380090141572
  subsample: 0.6119012567150768
  colsample_bytree: 0.987272242268459
walkforward_overall: {}
targets:
  monthly_return_target: '>= 0.40'
  sharpe_target: '>= 3.0'
  max_drawdown: <= 0.08
execution:
  confidence_threshold_base: 0.68
  kelly_fractional: 0.35
  max_position: 0.25
  portfolio_heat_cap: 0.06
